0 0.0 4500000000 4500000000 
0 0.0 4500000000 4500000000 
0 0.0 4500000000 4500000000 
0 0.0 4500000000 4500000000 
0 0.0 4500000000 4500000000 
0 0.0 4500000000 4500000000 
0 0.0 4515625000 4515625000 
0 0.0 4515625000 4515625000 
0 0.0 4515625000 4515625000 
15625000 0.015625 4515625000 4531250000 
0 0.0 4531250000 4531250000 
15625000 0.015625 4531250000 4546875000 
0 0.0 4546875000 4546875000 
15625000 0.015625 4546875000 4562500000 
0 0.0 4562500000 4562500000 
0 0.0 4578125000 4578125000 
15625000 0.015625 4578125000 4593750000 
15625000 0.015625 4593750000 4609375000 
0 0.0 4609375000 4609375000 
0 0.0 4625000000 4625000000 
15625000 0.015625 4625000000 4640625000 
15625000 0.015625 4640625000 4656250000 
15625000 0.015625 4656250000 4671875000 
15625000 0.015625 4671875000 4687500000 
15625000 0.015625 4687500000 4703125000 
15625000 0.015625 4703125000 4718750000 
31250000 0.03125 4718750000 4750000000 
15625000 0.015625 4750000000 4765625000 
15625000 0.015625 4765625000 4781250000 
0 0.0 4781250000 4781250000 
15625000 0.015625 4781250000 4796875000 
15625000 0.015625 4812500000 4828125000 
15625000 0.015625 4828125000 4843750000 
15625000 0.015625 4843750000 4859375000 
15625000 0.015625 4875000000 4890625000 
15625000 0.015625 4890625000 4906250000 
15625000 0.015625 4921875000 4937500000 
15625000 0.015625 4937500000 4953125000 
15625000 0.015625 4968750000 4984375000 
31250000 0.03125 4984375000 5015625000 
31250000 0.03125 5015625000 5046875000 
15625000 0.015625 5046875000 5062500000 
15625000 0.015625 5078125000 5093750000 
15625000 0.015625 5109375000 5125000000 
15625000 0.015625 5140625000 5156250000 
15625000 0.015625 5171875000 5187500000 
31250000 0.03125 5187500000 5218750000 
31250000 0.03125 5218750000 5250000000 
31250000 0.03125 5250000000 5281250000 
15625000 0.015625 5296875000 5312500000 
31250000 0.03125 5328125000 5359375000 
31250000 0.03125 5359375000 5390625000 
31250000 0.03125 5406250000 5437500000 
31250000 0.03125 5437500000 5468750000 
31250000 0.03125 5468750000 5500000000 
46875000 0.046875 5500000000 5546875000 
31250000 0.03125 5546875000 5578125000 
31250000 0.03125 5578125000 5609375000 
31250000 0.03125 5625000000 5656250000 
31250000 0.03125 5656250000 5687500000 
31250000 0.03125 5687500000 5718750000 
31250000 0.03125 5734375000 5765625000 
46875000 0.046875 5765625000 5812500000 
46875000 0.046875 5812500000 5859375000 
31250000 0.03125 5859375000 5890625000 
46875000 0.046875 5890625000 5937500000 
46875000 0.046875 5937500000 5984375000 
46875000 0.046875 5984375000 6031250000 
46875000 0.046875 6031250000 6078125000 
46875000 0.046875 6078125000 6125000000 
31250000 0.03125 6140625000 6171875000 
46875000 0.046875 6171875000 6218750000 
46875000 0.046875 6218750000 6265625000 
46875000 0.046875 6281250000 6328125000 
46875000 0.046875 6328125000 6375000000 
46875000 0.046875 6375000000 6421875000 
46875000 0.046875 6421875000 6468750000 
46875000 0.046875 6484375000 6531250000 
46875000 0.046875 6531250000 6578125000 
62500000 0.0625 6578125000 6640625000 
46875000 0.046875 6640625000 6687500000 
46875000 0.046875 6687500000 6734375000 
46875000 0.046875 6750000000 6796875000 
62500000 0.0625 6796875000 6859375000 
62500000 0.0625 6859375000 6921875000 
46875000 0.046875 6937500000 6984375000 
46875000 0.046875 6984375000 7031250000 
46875000 0.046875 7046875000 7093750000 
62500000 0.0625 7093750000 7156250000 
62500000 0.0625 7156250000 7218750000 
46875000 0.046875 7234375000 7281250000 
46875000 0.046875 7296875000 7343750000 
46875000 0.046875 7359375000 7406250000 
62500000 0.0625 7421875000 7484375000 
62500000 0.0625 7484375000 7546875000 
62500000 0.0625 7546875000 7609375000 
62500000 0.0625 7625000000 7687500000 
62500000 0.0625 7687500000 7750000000 
62500000 0.0625 7750000000 7812500000 
46875000 0.046875 7828125000 7875000000 
