140625000 0.140625 59718750000 59859375000 
437500000 0.4375 59859375000 60296875000 
625000000 0.625 60296875000 60921875000 
1125000000 1.125 60921875000 62046875000 
1390625000 1.390625 62046875000 63437500000 
2406250000 2.40625 63437500000 65843750000 
3015625000 3.015625 65843750000 68859375000 
4812500000 4.8125 68859375000 73671875000 
4921875000 4.921875 73671875000 78593750000 
7437500000 7.4375 78593750000 86031250000 
8656250000 8.65625 86031250000 94687500000 
10906250000 10.90625 94687500000 105593750000 
12718750000 12.71875 105609375000 118328125000 
15093750000 15.09375 118328125000 133421875000 
20187500000 20.1875 133421875000 153609375000 
19187500000 19.1875 153609375000 172796875000 
23234375000 23.234375 172796875000 196031250000 
27578125000 27.578125 196046875000 223625000000 
29500000000 29.5 223625000000 253125000000 
34109375000 34.109375 253125000000 287234375000 
32921875000 32.921875 287234375000 320156250000 
35140625000 35.140625 320171875000 355312500000 
36781250000 36.78125 355312500000 392093750000 
52062500000 52.0625 392109375000 444171875000 
51281250000 51.28125 444171875000 495453125000 
51328125000 51.328125 495468750000 546796875000 
56859375000 56.859375 546796875000 603656250000 
61781250000 61.78125 603671875000 665453125000 
60359375000 60.359375 665453125000 725812500000 
69421875000 69.421875 725828125000 795250000000 
48000000000 48.0 795250000000 843250000000 
33625000000 33.625 843250000000 876875000000 
35546875000 35.546875 876875000000 912421875000 
36734375000 36.734375 912421875000 949156250000 
46750000000 46.75 949156250000 995906250000 
41703125000 41.703125 995906250000 1037609375000 
41437500000 41.4375 1037609375000 1079046875000 
51531250000 51.53125 1079046875000 1130578125000 
55125000000 55.125 1130593750000 1185718750000 
55468750000 55.46875 1185718750000 1241187500000 
56015625000 56.015625 1241187500000 1297203125000 
54546875000 54.546875 1297203125000 1351750000000 
58218750000 58.21875 1351750000000 1409968750000 
66781250000 66.78125 1409984375000 1476765625000 
56281250000 56.28125 1476765625000 1533046875000 
59687500000 59.6875 1533046875000 1592734375000 
62062500000 62.0625 1592750000000 1654812500000 
68296875000 68.296875 1654812500000 1723109375000 
74312500000 74.3125 1723125000000 1797437500000 
83125000000 83.125 1797437500000 1880562500000 
81578125000 81.578125 1880562500000 1962140625000 
133765625000 133.765625 1962140625000 2095906250000 
72671875000 72.671875 2095906250000 2168578125000 
62890625000 62.890625 2168578125000 2231468750000 
63171875000 63.171875 2231468750000 2294640625000 
70765625000 70.765625 2294640625000 2365406250000 
74546875000 74.546875 2365406250000 2439953125000 
76656250000 76.65625 2439953125000 2516609375000 
79703125000 79.703125 2516625000000 2596328125000 
112187500000 112.1875 2596343750000 2708531250000 
113843750000 113.84375 2708531250000 2822375000000 
128000000000 128.0 2822390625000 2950390625000 
132859375000 132.859375 2950406250000 3083265625000 
142218750000 142.21875 3083281250000 3225500000000 
161671875000 161.671875 3225515625000 3387187500000 
155390625000 155.390625 3387187500000 3542578125000 
161968750000 161.96875 3542593750000 3704562500000 
171578125000 171.578125 3704562500000 3876140625000 
225515625000 225.515625 3876156250000 4101671875000 
192890625000 192.890625 4101687500000 4294578125000 
206937500000 206.9375 4294593750000 4501531250000 
243687500000 243.6875 4501531250000 4745218750000 
198500000000 198.5 4745218750000 4943718750000 
197687500000 197.6875 4943718750000 5141406250000 
200593750000 200.59375 5141406250000 5342000000000 
206562500000 206.5625 5342015625000 5548578125000 
254968750000 254.96875 5548578125000 5803546875000 
269281250000 269.28125 5803546875000 6072828125000 
255640625000 255.640625 6072843750000 6328484375000 
207718750000 207.71875 6328500000000 6536218750000 
176281250000 176.28125 6536218750000 6712500000000 
217828125000 217.828125 6712515625000 6930343750000 
312062500000 312.0625 6930343750000 7242406250000 
282875000000 282.875 7242421875000 7525296875000 
218265625000 218.265625 7525296875000 7743562500000 
207359375000 207.359375 7743562500000 7950921875000 
242203125000 242.203125 7950921875000 8193125000000 
230000000000 230.0 8193125000000 8423125000000 
232375000000 232.375 8423125000000 8655500000000 
265140625000 265.140625 8655515625000 8920656250000 
257250000000 257.25 8920656250000 9177906250000 
305078125000 305.078125 9177921875000 9483000000000 
309281250000 309.28125 9483015625000 9792296875000 
302015625000 302.015625 9792312500000 10094328125000 
344531250000 344.53125 10094328125000 10438859375000 
314062500000 314.0625 10438875000000 10752937500000 
269703125000 269.703125 10752937500000 11022640625000 
334734375000 334.734375 11022640625000 11357375000000 
306484375000 306.484375 11357390625000 11663875000000 
276031250000 276.03125 11663875000000 11939906250000 