0 0.0 13796875000 13796875000 
0 0.0 13796875000 13796875000 
0 0.0 13796875000 13796875000 
0 0.0 13796875000 13796875000 
15625000 0.015625 13796875000 13812500000 
0 0.0 13812500000 13812500000 
0 0.0 13812500000 13812500000 
0 0.0 13812500000 13812500000 
0 0.0 13828125000 13828125000 
0 0.0 13828125000 13828125000 
15625000 0.015625 13828125000 13843750000 
15625000 0.015625 13843750000 13859375000 
0 0.0 13859375000 13859375000 
15625000 0.015625 13859375000 13875000000 
15625000 0.015625 13875000000 13890625000 
15625000 0.015625 13890625000 13906250000 
15625000 0.015625 13906250000 13921875000 
31250000 0.03125 13921875000 13953125000 
15625000 0.015625 13953125000 13968750000 
15625000 0.015625 13968750000 13984375000 
31250000 0.03125 13984375000 14015625000 
15625000 0.015625 14015625000 14031250000 
31250000 0.03125 14031250000 14062500000 
15625000 0.015625 14062500000 14078125000 
31250000 0.03125 14078125000 14109375000 
15625000 0.015625 14125000000 14140625000 
31250000 0.03125 14140625000 14171875000 
31250000 0.03125 14171875000 14203125000 
15625000 0.015625 14218750000 14234375000 
31250000 0.03125 14234375000 14265625000 
31250000 0.03125 14265625000 14296875000 
31250000 0.03125 14296875000 14328125000 
46875000 0.046875 14328125000 14375000000 
46875000 0.046875 14375000000 14421875000 
15625000 0.015625 14421875000 14437500000 
31250000 0.03125 14453125000 14484375000 
46875000 0.046875 14484375000 14531250000 
46875000 0.046875 14531250000 14578125000 
46875000 0.046875 14578125000 14625000000 
15625000 0.015625 14640625000 14656250000 
46875000 0.046875 14656250000 14703125000 
46875000 0.046875 14703125000 14750000000 
46875000 0.046875 14750000000 14796875000 
46875000 0.046875 14812500000 14859375000 
46875000 0.046875 14859375000 14906250000 
46875000 0.046875 14906250000 14953125000 
46875000 0.046875 14968750000 15015625000 
46875000 0.046875 15015625000 15062500000 
46875000 0.046875 15078125000 15125000000 
46875000 0.046875 15125000000 15171875000 
46875000 0.046875 15187500000 15234375000 
46875000 0.046875 15234375000 15281250000 
46875000 0.046875 15296875000 15343750000 
78125000 0.078125 15343750000 15421875000 
62500000 0.0625 15421875000 15484375000 
62500000 0.0625 15484375000 15546875000 
62500000 0.0625 15546875000 15609375000 
62500000 0.0625 15609375000 15671875000 
78125000 0.078125 15671875000 15750000000 
62500000 0.0625 15750000000 15812500000 
46875000 0.046875 15828125000 15875000000 
78125000 0.078125 15890625000 15968750000 
62500000 0.0625 15968750000 16031250000 
62500000 0.0625 16046875000 16109375000 
78125000 0.078125 16109375000 16187500000 
62500000 0.0625 16187500000 16250000000 
78125000 0.078125 16265625000 16343750000 
62500000 0.0625 16359375000 16421875000 
62500000 0.0625 16421875000 16484375000 
78125000 0.078125 16500000000 16578125000 
62500000 0.0625 16578125000 16640625000 
78125000 0.078125 16656250000 16734375000 
93750000 0.09375 16750000000 16843750000 
78125000 0.078125 16843750000 16921875000 
93750000 0.09375 16921875000 17015625000 
62500000 0.0625 17031250000 17093750000 
78125000 0.078125 17109375000 17187500000 
93750000 0.09375 17203125000 17296875000 
78125000 0.078125 17296875000 17375000000 
93750000 0.09375 17375000000 17468750000 
93750000 0.09375 17484375000 17578125000 
109375000 0.109375 17578125000 17687500000 
62500000 0.0625 17703125000 17765625000 
93750000 0.09375 17781250000 17875000000 
109375000 0.109375 17875000000 17984375000 
109375000 0.109375 17984375000 18093750000 
109375000 0.109375 18093750000 18203125000 
93750000 0.09375 18203125000 18296875000 
93750000 0.09375 18296875000 18390625000 
93750000 0.09375 18406250000 18500000000 
93750000 0.09375 18515625000 18609375000 
93750000 0.09375 18625000000 18718750000 
93750000 0.09375 18734375000 18828125000 
109375000 0.109375 18843750000 18953125000 
109375000 0.109375 18953125000 19062500000 
109375000 0.109375 19062500000 19171875000 
109375000 0.109375 19171875000 19281250000 
109375000 0.109375 19281250000 19390625000 
140625000 0.140625 19406250000 19546875000 
93750000 0.09375 19546875000 19640625000 
