0 0.0 7875000000 7875000000 
31250000 0.03125 7875000000 7906250000 
0 0.0 7906250000 7906250000 
0 0.0 7906250000 7906250000 
0 0.0 7906250000 7906250000 
0 0.0 7906250000 7906250000 
15625000 0.015625 7906250000 7921875000 
0 0.0 7921875000 7921875000 
0 0.0 7921875000 7921875000 
31250000 0.03125 7921875000 7953125000 
0 0.0 7953125000 7953125000 
15625000 0.015625 7953125000 7968750000 
0 0.0 7968750000 7968750000 
31250000 0.03125 7968750000 8000000000 
15625000 0.015625 8000000000 8015625000 
0 0.0 8015625000 8015625000 
31250000 0.03125 8015625000 8046875000 
15625000 0.015625 8046875000 8062500000 
15625000 0.015625 8062500000 8078125000 
31250000 0.03125 8078125000 8109375000 
15625000 0.015625 8109375000 8125000000 
31250000 0.03125 8125000000 8156250000 
15625000 0.015625 8156250000 8171875000 
31250000 0.03125 8171875000 8203125000 
15625000 0.015625 8203125000 8218750000 
31250000 0.03125 8218750000 8250000000 
15625000 0.015625 8265625000 8281250000 
31250000 0.03125 8281250000 8312500000 
31250000 0.03125 8312500000 8343750000 
15625000 0.015625 8359375000 8375000000 
31250000 0.03125 8375000000 8406250000 
31250000 0.03125 8421875000 8453125000 
31250000 0.03125 8453125000 8484375000 
31250000 0.03125 8484375000 8515625000 
31250000 0.03125 8531250000 8562500000 
15625000 0.015625 8578125000 8593750000 
31250000 0.03125 8593750000 8625000000 
31250000 0.03125 8640625000 8671875000 
46875000 0.046875 8671875000 8718750000 
31250000 0.03125 8734375000 8765625000 
46875000 0.046875 8781250000 8828125000 
46875000 0.046875 8828125000 8875000000 
31250000 0.03125 8875000000 8906250000 
46875000 0.046875 8906250000 8953125000 
46875000 0.046875 8953125000 9000000000 
46875000 0.046875 9000000000 9046875000 
46875000 0.046875 9046875000 9093750000 
46875000 0.046875 9093750000 9140625000 
46875000 0.046875 9156250000 9203125000 
46875000 0.046875 9203125000 9250000000 
78125000 0.078125 9250000000 9328125000 
62500000 0.0625 9328125000 9390625000 
62500000 0.0625 9390625000 9453125000 
62500000 0.0625 9453125000 9515625000 
46875000 0.046875 9515625000 9562500000 
46875000 0.046875 9578125000 9625000000 
78125000 0.078125 9640625000 9718750000 
62500000 0.0625 9718750000 9781250000 
46875000 0.046875 9796875000 9843750000 
46875000 0.046875 9859375000 9906250000 
78125000 0.078125 9921875000 10000000000 
62500000 0.0625 10000000000 10062500000 
46875000 0.046875 10078125000 10125000000 
78125000 0.078125 10125000000 10203125000 
62500000 0.0625 10218750000 10281250000 
93750000 0.09375 10281250000 10375000000 
62500000 0.0625 10375000000 10437500000 
62500000 0.0625 10453125000 10515625000 
93750000 0.09375 10515625000 10609375000 
78125000 0.078125 10609375000 10687500000 
93750000 0.09375 10687500000 10781250000 
62500000 0.0625 10781250000 10843750000 
78125000 0.078125 10859375000 10937500000 
93750000 0.09375 10953125000 11046875000 
78125000 0.078125 11046875000 11125000000 
93750000 0.09375 11140625000 11234375000 
78125000 0.078125 11234375000 11312500000 
93750000 0.09375 11312500000 11406250000 
93750000 0.09375 11421875000 11515625000 
78125000 0.078125 11515625000 11593750000 
93750000 0.09375 11593750000 11687500000 
93750000 0.09375 11703125000 11796875000 
109375000 0.109375 11796875000 11906250000 
78125000 0.078125 11906250000 11984375000 
78125000 0.078125 12000000000 12078125000 
93750000 0.09375 12093750000 12187500000 
109375000 0.109375 12187500000 12296875000 
109375000 0.109375 12296875000 12406250000 
109375000 0.109375 12406250000 12515625000 
109375000 0.109375 12531250000 12640625000 
109375000 0.109375 12640625000 12750000000 
78125000 0.078125 12765625000 12843750000 
93750000 0.09375 12859375000 12953125000 
109375000 0.109375 12953125000 13062500000 
109375000 0.109375 13062500000 13171875000 
109375000 0.109375 13171875000 13281250000 
140625000 0.140625 13281250000 13421875000 
93750000 0.09375 13421875000 13515625000 
140625000 0.140625 13515625000 13656250000 
125000000 0.125 13656250000 13781250000 
