0 0.0 78125000 78125000
0 0.0 78125000 78125000
0 0.0 78125000 78125000
0 0.0 78125000 78125000
0 0.0 93750000 93750000
0 0.0 93750000 93750000
0 0.0 93750000 93750000
0 0.0 93750000 93750000
0 0.0 109375000 109375000
0 0.0 109375000 109375000
0 0.0 109375000 109375000
0 0.0 125000000 125000000
0 0.0 125000000 125000000
0 0.0 125000000 125000000
0 0.0 140625000 140625000
0 0.0 140625000 140625000
0 0.0 156250000 156250000
0 0.0 156250000 156250000
0 0.0 171875000 171875000
0 0.0 171875000 171875000
0 0.0 187500000 187500000
0 0.0 203125000 203125000
0 0.0 203125000 203125000
0 0.0 218750000 218750000
0 0.0 234375000 234375000
0 0.0 234375000 234375000
0 0.0 250000000 250000000
0 0.0 265625000 265625000
0 0.0 281250000 281250000
0 0.0 296875000 296875000
0 0.0 312500000 312500000
0 0.0 312500000 312500000
0 0.0 328125000 328125000
0 0.0 343750000 343750000
0 0.0 359375000 359375000
0 0.0 375000000 375000000
0 0.0 390625000 390625000
0 0.0 406250000 406250000
0 0.0 421875000 421875000
0 0.0 453125000 453125000
0 0.0 468750000 468750000
0 0.0 484375000 484375000
0 0.0 500000000 500000000
0 0.0 515625000 515625000
0 0.0 546875000 546875000
0 0.0 562500000 562500000
0 0.0 578125000 578125000
0 0.0 609375000 609375000
0 0.0 625000000 625000000
0 0.0 640625000 640625000
0 0.0 671875000 671875000
0 0.0 687500000 687500000
0 0.0 718750000 718750000
0 0.0 734375000 734375000
0 0.0 765625000 765625000
0 0.0 781250000 781250000
0 0.0 812500000 812500000
0 0.0 843750000 843750000
0 0.0 859375000 859375000
0 0.0 890625000 890625000
0 0.0 921875000 921875000
0 0.0 937500000 937500000
0 0.0 968750000 968750000
0 0.0 1000000000 1000000000
0 0.0 1031250000 1031250000
0 0.0 1062500000 1062500000
0 0.0 1093750000 1093750000
0 0.0 1125000000 1125000000
0 0.0 1156250000 1156250000
0 0.0 1187500000 1187500000
0 0.0 1218750000 1218750000
0 0.0 1250000000 1250000000
0 0.0 1281250000 1281250000
0 0.0 1312500000 1312500000
0 0.0 1343750000 1343750000
0 0.0 1375000000 1375000000
0 0.0 1406250000 1406250000
0 0.0 1437500000 1437500000
0 0.0 1468750000 1468750000
0 0.0 1515625000 1515625000
0 0.0 1546875000 1546875000
0 0.0 1578125000 1578125000
0 0.0 1625000000 1625000000
0 0.0 1656250000 1656250000
0 0.0 1687500000 1687500000
0 0.0 1734375000 1734375000
0 0.0 1765625000 1765625000
0 0.0 1796875000 1796875000
0 0.0 1843750000 1843750000
0 0.0 1875000000 1875000000
0 0.0 1921875000 1921875000
0 0.0 1968750000 1968750000
0 0.0 2000000000 2000000000
0 0.0 2046875000 2046875000
0 0.0 2093750000 2093750000
0 0.0 2125000000 2125000000
0 0.0 2171875000 2171875000
0 0.0 2218750000 2218750000
0 0.0 2250000000 2250000000
0 0.0 2296875000 2296875000
