0 0.0 2296875000 2296875000 
0 0.0 2296875000 2296875000 
0 0.0 2296875000 2296875000 
0 0.0 2312500000 2312500000 
0 0.0 2312500000 2312500000 
0 0.0 2312500000 2312500000 
0 0.0 2312500000 2312500000 
0 0.0 2312500000 2312500000 
0 0.0 2328125000 2328125000 
0 0.0 2328125000 2328125000 
0 0.0 2328125000 2328125000 
0 0.0 2343750000 2343750000 
0 0.0 2343750000 2343750000 
0 0.0 2343750000 2343750000 
0 0.0 2359375000 2359375000 
0 0.0 2359375000 2359375000 
0 0.0 2375000000 2375000000 
0 0.0 2375000000 2375000000 
0 0.0 2390625000 2390625000 
0 0.0 2390625000 2390625000 
0 0.0 2406250000 2406250000 
0 0.0 2421875000 2421875000 
0 0.0 2421875000 2421875000 
0 0.0 2437500000 2437500000 
0 0.0 2453125000 2453125000 
0 0.0 2453125000 2453125000 
0 0.0 2468750000 2468750000 
0 0.0 2484375000 2484375000 
0 0.0 2500000000 2500000000 
0 0.0 2515625000 2515625000 
0 0.0 2531250000 2531250000 
0 0.0 2531250000 2531250000 
0 0.0 2546875000 2546875000 
0 0.0 2562500000 2562500000 
0 0.0 2578125000 2578125000 
0 0.0 2593750000 2593750000 
0 0.0 2609375000 2609375000 
0 0.0 2625000000 2625000000 
0 0.0 2656250000 2656250000 
0 0.0 2671875000 2671875000 
0 0.0 2687500000 2687500000 
0 0.0 2703125000 2703125000 
0 0.0 2718750000 2718750000 
0 0.0 2734375000 2734375000 
0 0.0 2765625000 2765625000 
0 0.0 2781250000 2781250000 
0 0.0 2796875000 2796875000 
0 0.0 2828125000 2828125000 
0 0.0 2843750000 2843750000 
0 0.0 2859375000 2859375000 
0 0.0 2890625000 2890625000 
0 0.0 2906250000 2906250000 
0 0.0 2937500000 2937500000 
0 0.0 2953125000 2953125000 
0 0.0 2984375000 2984375000 
0 0.0 3000000000 3000000000 
0 0.0 3031250000 3031250000 
0 0.0 3062500000 3062500000 
0 0.0 3078125000 3078125000 
0 0.0 3109375000 3109375000 
0 0.0 3140625000 3140625000 
0 0.0 3171875000 3171875000 
0 0.0 3187500000 3187500000 
0 0.0 3218750000 3218750000 
0 0.0 3250000000 3250000000 
0 0.0 3281250000 3281250000 
0 0.0 3312500000 3312500000 
0 0.0 3328125000 3328125000 
0 0.0 3359375000 3359375000 
0 0.0 3390625000 3390625000 
0 0.0 3421875000 3421875000 
0 0.0 3453125000 3453125000 
0 0.0 3484375000 3484375000 
0 0.0 3515625000 3515625000 
0 0.0 3546875000 3546875000 
0 0.0 3593750000 3593750000 
0 0.0 3625000000 3625000000 
0 0.0 3656250000 3656250000 
0 0.0 3687500000 3687500000 
0 0.0 3718750000 3718750000 
0 0.0 3765625000 3765625000 
0 0.0 3796875000 3796875000 
0 0.0 3828125000 3828125000 
0 0.0 3875000000 3875000000 
0 0.0 3906250000 3906250000 
0 0.0 3937500000 3937500000 
0 0.0 3984375000 3984375000 
0 0.0 4015625000 4015625000 
0 0.0 4046875000 4046875000 
0 0.0 4093750000 4093750000 
0 0.0 4125000000 4125000000 
0 0.0 4171875000 4171875000 
0 0.0 4218750000 4218750000 
0 0.0 4250000000 4250000000 
0 0.0 4296875000 4296875000 
0 0.0 4328125000 4328125000 
0 0.0 4375000000 4375000000 
0 0.0 4421875000 4421875000 
0 0.0 4453125000 4453125000 
0 0.0 4500000000 4500000000 
